# ------------------------------------------------------------------------------------------------------------------------------------------------------------------------------------------------------------------------------------------------------------------------------------------------------------------------
#  ObjID       Name     X     Y     Z         RA       DEC         RA        DEC           FREQ      MAJ      MIN     PA     w_RA    w_DEC       w_50       w_20     w_FREQ     F_int      F_tot     F_peak  X1  X2  Y1  Y2  Z1  Z2 Nvoxel Nchan Nspatpix Flag  X_av  Y_av  Z_av X_cent Y_cent Z_cent X_peak Y_peak Z_peak
#                                                               [deg]      [deg]           [Hz] [arcmin] [arcmin]  [deg] [arcmin] [arcmin]       [Hz]       [Hz]       [Hz]     [ Hz]         []         []                                                                                                               
# ------------------------------------------------------------------------------------------------------------------------------------------------------------------------------------------------------------------------------------------------------------------------------------------------------------------------
       1 B1217-3337  18.7  24.3 625.2 12:17:50.8 -33:37:46 184.461534 -33.629562 1283161935.180     0.64     0.23  96.56     0.77     0.47 141896.105 152030.352 129629.500   106.390     0.0057    0.00038  16  21  23  26 622 629     27     3       14    -  18.6  24.3 625.2   18.7   24.3  625.2     17     24    622
       2 B1217-3333  67.9  63.9 474.3 12:17:20.2 -33:33:03 184.333996 -33.550910 1285957241.381     0.71     0.31 164.26     0.92     0.97  35948.004 246019.652 203703.500   107.744     0.0058    0.00029  65  71  61  68 471 482     26     3       20    -  67.8  64.0 474.2   67.9   63.9  474.3     69     64    472
       3 B1217-3333  48.7  58.2 346.5 12:17:31.9 -33:33:40 184.382711 -33.561272 1288324248.495     0.67     0.51 134.88     0.78     0.60 294595.791 309798.488 277777.500    85.669     0.0046    0.00035  46  51  56  60 336 351     20     4       17    -  48.5  58.0 345.7   48.7   58.2  346.5     49     59    351
       4 B1217-3333  59.4  62.1 278.3 12:17:25.3 -33:33:13 184.355396 -33.553865 1289586172.824     0.52     0.28  90.64     0.78     0.60  62927.485  77910.241  55555.500    61.563     0.0033    0.00024  57  62  60  64 277 280     16     4       13    -  59.5  62.1 278.4   59.4   62.1  278.3     58     62    279
       5 B1217-3332  59.4  71.0 139.3 12:17:25.1 -33:32:07 184.354655 -33.535415 1292161140.918     0.80     0.14  79.20     0.77     0.35  49750.207  78152.014  37037.000    47.562     0.0026    0.00031  57  62  70  72 138 140     13     3       10    -  59.3  71.1 139.4   59.4   71.0  139.3     62     70    138
       6 B1217-3331  71.2  73.1  98.2 12:17:17.9 -33:31:55 184.324760 -33.531977 1292921826.538     0.92     0.41  44.73     0.65     0.60  35686.745  63673.253  37037.000    63.308     0.0034    0.00031  69  73  71  75  97  99     14     3       13    -  71.4  73.1  98.1   71.2   73.1   98.2     69     74     98
